3315	Nothing		Nothing		Nothing		Nothing		Nothing		Nothing		CE 		REL		212
4000 	3315		1.46131		Nothing		Nothing		Nothing		Nothing	  	NZ		REL		212
4001	4000		1.45604		3315		124.500		Nothing		Nothing		C15		REL		212
4002	4001		1.43890		4000		27.059		3315	    -162.500	C14		REL		212
4003	4002		1.34928		4001		127.942		4000		175.465		C13		REL		212
4004	4003		1.50301		4002		125.349		4001		-2.713		C20		REL		212
4005	4003		1.46521		4002		35.544		4001		5.196		C12		REL		212
4006	4005		1.33761		4003		29.152		4002		-9.037		C11		REL		212
4007	4006		1.46905		4005		30.480		4003		9.756		C10		REL		212
4008	4007		1.36068		4006		125.277		4005		173.858		C9 		REL		212
4009	4008		1.52504		4007		26.431		4006		-178.417	C19		REL		212
4010	4008		1.48818		4007		33.620		4006		4.469		C8 		REL		212
4011	4010		1.34359		4008		29.998		4007		19.089		C7 		REL		212
4012	4011		1.50156		4010		128.322		4008		5.363		C6 		REL		212
4013	4012		1.34798		4011		30.543		4010		-14.413		C5 		REL		212
4014	4013		1.50210		4012		122.970		4011		178.192		C18 	REL		212
4015	4013		1.52997		4012		25.712		4011		-0.981		C4 		REL		212
4016	4015		1.52514		4013		113.482		4012		171.653		C3 		REL		212
4017	4016		1.52482		4015		33.900		4013		144.444		C2 		REL		212
4018	4017		1.50996		4016		99.852		4015		63.345		C1 		REL		212
4019	4018		1.54925		4017		48.171		4016		20.513		C17 	REL		212
4020	4018		1.50011		4017		26.946		4016		-80.892		C16		REL		212