3315 	Nothing		Nothing		Nothing		Nothing	Nothing		Nothing	  	CE
4000 	3315		1.46		Nothing		Nothing	Nothing		Nothing	  	NZ
4001	4000		1.33		3315		124.50	Nothing		Nothing		C15
4002	4001		1.38		4000		122.57	3315		-162.50		C14
4003	4002		1.39		4001		127.66	4000		 175.51		C13
4004	4003		1.50		4002		122.63	4001		  22.11		C20
4005	4004					4003				4002
4006	4005					4004				4003
4007	4006					4005				4004t
4008	4007					4006				4005
4009	4008					4007				4006
4010	4009					4008				4007
4011	4010					4009				4008
4012	4011					4010				4009
4013	4012					4011				4010
4014	4013					4012				4011
4015	4014					4013				4012
4016	4015					4014				4013
4017	4016					4015				4014
4018	4017					4016				4015
4019	4018					4017				4016
4020	4019					4018				4017
4021	4020					4019				4018
4022	4021					4020				4019
4023	4022					4021				4020
4024	4023					4022				4021
4025	4024					4023				4022
4026	4025					4024				4023
4027	4026					4025				4024
4028	4027					4026				4025
4029	4028					4027				4026
4030	4029					4028				4027
4031	4030					4029				4028
4032	4031					4030				4029
4033	4032					4031				4030
4034	4033					4032				4031
4035	4034					4033				4032
4036	4035					4034				4033
4037	4036					4035				4034
4038	4037					4036				4035
4039	4038					4037				4036
4040	4039					4038				4037
4041	4040					4039				4038
4042	4041					4040				4039
4043	4042					4041				4040
4044	4043					4042				4041
4045	4044					4043				4042
4046	4045					4044				4043
4047	4046					4045				4044
4048	4047					4046				4045
4049	4048					4047				4046
4050	4049					4048				4047
4051	4050					4049				4048
4052	4051					4050				4049
4053	4052					4051				4050
4054	4053					4052				4051
4055	4054					4053				4052
4056	4055					4054				4053
4057	4056					4055				4054
4058	4057					4056				4055
4059	4058					4057				4056
4060	4059					4058				4057
4061	4060					4059				4058
4062	4061					4060				4059
4063	4062					4061				4060
4064	4063					4062				4061
4065	4064					4063	4062
4066	4065					4064	4063
4067	4066					4065	4064
4068	4067					4066	4065
4069	4068					4067	4066
4070	4069					4068	4067
4071	4070					4069	4068
4072	4071					4070	4069
