3315 C1 14.827 45.493 0.510 C 1.282
3316 C2 14.618 46.383 -0.745 C 1.282
3317 H21 15.599 46.617 -1.174 H 0.200
3318 H22 14.091 45.785 -1.498 H 0.200
3319 C3 13.906 47.699 -0.476 C 1.282
3320 H31 13.773 48.264 -1.406 H 0.200
3321 H32 12.904 47.536 -0.062 H 0.200
3322 C4 14.755 48.489 0.514 C 1.282
3323 H41 15.714 48.745 0.031 H 0.200
3324 H42 14.307 49.450 0.771 H 0.200
3325 C5 15.062 47.706 1.768 C 1.282
3326 C6 15.138 46.336 1.777 C 1.282
3327 C7 15.502 45.688 3.028 C 1.282
3328 H71 15.751 46.352 3.848 H 0.200
3329 C8 15.608 44.354 3.285 C 1.282
3330 H81 15.345 43.644 2.514 H 0.200
3331 C9 16.096 43.743 4.491 C 1.282
3332 C10 16.234 42.371 4.424 C 1.282
3333 H101 15.979 41.917 3.468 H 0.200
3334 C11 16.686 41.449 5.392 C 1.282
3335 H111 16.910 41.768 6.407 H 0.200
3336 C12 16.814 40.127 5.017 C 1.282
3337 H121 16.613 39.904 3.972 H 0.200
3338 C13 17.111 39.012 5.828 C 1.282
3339 C14 17.130 37.775 5.180 C 1.282
3340 H141 17.160 37.798 4.101 H 0.200
3341 C15 16.959 36.525 5.752 C 1.282
3342 H151 16.786 36.414 6.820 H 0.200
3343 NZ 16.910 35.413 5.031 N 1.248
3344 HZ1 17.098 35.388 4.023 H 0.200
3348 C16 13.522 44.684 0.742 C 1.282
3349 H161 13.407 43.941 -0.054 H 0.200
3350 H162 13.512 44.147 1.693 H 0.200
3351 H163 12.647 45.343 0.732 H 0.200
3352 C17 15.989 44.543 0.115 C 1.282
3353 H171 15.774 44.117 -0.872 H 0.200
3354 H172 16.928 45.104 0.030 H 0.200
3355 H173 16.150 43.704 0.793 H 0.200
3356 C18 15.231 48.571 3.000 C 1.282
3357 H181 16.031 48.258 3.675 H 0.200
3358 H182 15.432 49.603 2.704 H 0.200
3359 H183 14.306 48.584 3.592 H 0.200
3360 C19 16.484 44.565 5.688 C 1.282
3361 H191 16.793 43.940 6.527 H 0.200
3362 H192 17.317 45.233 5.442 H 0.200
3363 H193 15.654 45.199 6.018 H 0.200
3364 C20 17.374 39.167 7.296 C 1.282
3365 H201 18.273 39.779 7.431 H 0.200
3366 H202 16.562 39.682 7.813 H 0.200
3367 H203 17.556 38.210 7.783 H 0.200
